93

O  0.000000  0.000000  0.000000
H  -0.555309  -0.734017  0.240510
H  -0.286694  0.095333  -0.923012
O  -1.227579  -2.259222  0.821434
H  -1.091076  -2.596250  -0.109997
H  -0.556051  -2.611669  1.473233
O  -1.084730  0.197073  -2.514559
H  -0.610188  -0.510455  -3.000286
H  -0.898441  1.084808  -2.896226
O  1.744131  1.942907  1.006167
H  1.418300  1.283405  0.393610
H  2.179151  2.644243  0.509610
O  2.237091  -1.643285  0.657471
H  2.273962  -2.236799  -0.092596
H  1.440773  -1.083943  0.522913
O  -1.675267  0.706409  3.159764
H  -2.499743  0.320948  2.794178
H  -1.432410  1.546505  2.706744
O  -0.425005  3.003817  2.158612
H  0.364988  2.503214  1.994313
H  -0.177374  3.809179  2.671799
O  -0.358606  3.675657  -0.689281
H  -0.244061  3.310698  0.194212
H  -1.329053  3.641874  -0.934269
O  -0.943678  -3.473844  -1.486579
H  -1.072454  -3.841897  -2.313506
H  -0.082706  -3.801378  -1.168844
O  -3.655574  -0.014297  -1.512239
H  -2.762893  -0.232697  -1.766118
H  -3.997905  0.768452  -2.006007
O  0.907322  -1.517129  -3.611967
H  1.494247  -0.862199  -3.925718
H  1.360441  -2.363603  -3.502748
O  -3.873851  0.001823  1.540305
H  -3.811702  0.103710  0.598132
H  -4.801357  0.342850  1.664113
O  0.556198  -2.973794  2.955431
H  0.844595  -2.231081  3.433148
H  1.351274  -3.526597  2.789023
O  2.331695  3.906038  -0.788805
H  2.524627  4.860691  -0.716784
H  1.361977  3.807711  -0.688770
O  0.777481  -0.083691  4.758152
H  0.180586  -0.252094  5.495018
H  0.217093  -0.006016  3.973019
O  4.697035  -0.672502  0.921347
H  3.749453  -0.920705  0.856324
H  4.675896  0.128590  0.344336
O  -0.520020  2.489267  -4.180173
H  0.086466  2.319269  -4.881645
H  -0.323063  3.401945  -3.965423
O  2.475400  2.106123  3.740791
H  2.240198  1.284485  4.101202
H  2.400737  2.010557  2.756377
O  -3.517659  -2.908792  1.983511
H  -2.605758  -2.769563  1.710011
H  -4.026128  -2.078001  1.885411
O  1.531450  -4.772905  0.001650
H  0.849539  -5.260389  0.474997
H  2.215475  -5.346292  -0.440449
O  4.510052  1.952219  -1.011047
H  3.787800  2.563704  -1.101627
H  4.801025  1.615742  -1.863168
O  2.678686  1.170025  -4.176094
H  2.376146  1.975924  -3.745574
H  3.649571  1.101231  -3.933172
O  -2.965949  4.021517  -2.020040
H  -3.457976  4.665932  -1.497968
H  -3.605380  3.351027  -2.332662
O  2.584978  -4.665147  2.497084
H  2.463132  -4.683275  1.561741
H  3.117167  -3.848344  2.819352
O  -2.734408  -2.391592  -4.760192
H  -2.892068  -2.961172  -5.512449
H  -2.170606  -2.848630  -4.050260
O  -5.348089  -2.339517  -1.493770
H  -4.693893  -1.630971  -1.645501
H  -6.196379  -1.848291  -1.299470
O  4.068274  -2.677312  3.688465
H  4.107893  -1.953374  3.088173
H  3.703444  -2.420412  4.533158
O  2.489568  -3.781026  -4.193079
H  3.371502  -3.481809  -3.996322
H  2.340059  -3.513155  -5.127599
O  -0.736431  5.134827  -3.406627
H  0.015650  5.650646  -3.162504
H  -1.189394  4.908176  -2.594747
O  -4.932252  2.376791  -2.922040
H  -5.318471  1.694118  -3.518489
H  -5.515496  2.440031  -2.097215
O  5.355375  0.366699  -3.173706
H  5.391805  -0.405830  -2.634435
H  6.266616  0.707329  -3.441997
